wrote /public/newhome/cy/Digital_twin/GNN/training_wss_min/experiments/wss_time_ecc_20260918/analysis_20260919/frame_r2_decomposition_last.csv 729 rows

== ckpt=last  三折均值 × 相位（accel/peak/decel/trough/全周期）==
arm   phase     n       r2cb          r     r2_fit      alpha    beta_n2        ccc   spearman r2_casemean nmae_range nrmse_mean nmae_casemean  r2cb_norm top10_ratio
T0    accel    22      0.605      0.794      0.636      0.735      0.008      0.730      0.824      0.586      0.005      1.021      0.030      0.744      0.690
T0    peak     10      0.685      0.835      0.697      0.844      0.003      0.817      0.897      0.689      0.006      0.965      0.025      0.839      0.756
T0    decel    29      0.525      0.737      0.546      0.651      0.010      0.663      0.743      0.511      0.006      0.991      0.039      0.644      0.634
T0    trough   20      0.319      0.599      0.370      0.430      0.018      0.426      0.613      0.303      0.005      1.219      0.049      0.495      0.464
T0    cycle    81      0.516      0.730      0.546      0.643      0.010      0.642      0.752      0.502      0.006      1.052      0.038      0.659      0.623
TB8   accel    22      0.531      0.751      0.573      0.594      0.017      0.648      0.816      0.540      0.006      1.121      0.032      0.725      0.572
TB8   peak     10      0.603      0.802      0.643      0.646      0.015      0.721      0.883      0.627      0.007      1.069      0.027      0.814      0.603
TB8   decel    29      0.460      0.693      0.485      0.606      0.016      0.605      0.730      0.456      0.007      1.052      0.041      0.618      0.578
TB8   trough   20      0.271      0.532      0.303      0.438      0.021      0.391      0.609      0.263      0.005      1.259      0.050      0.472      0.453
TB8   cycle    81      0.450      0.682      0.483      0.566      0.017      0.578      0.742      0.452      0.006      1.124      0.039      0.635      0.549
TB16  accel    22      0.528      0.746      0.565      0.605      0.016      0.650      0.818      0.539      0.006      1.119      0.032      0.731      0.576
TB16  peak     10      0.600      0.796      0.634      0.661      0.014      0.724      0.885      0.621      0.007      1.070      0.027      0.819      0.612
TB16  decel    29      0.459      0.689      0.479      0.623      0.014      0.609      0.730      0.455      0.007      1.055      0.041      0.617      0.588
TB16  trough   20      0.270      0.535      0.303      0.436      0.021      0.391      0.608      0.262      0.005      1.258      0.050      0.473      0.452
TB16  cycle    81      0.449      0.679      0.478      0.577      0.016      0.580      0.743      0.451      0.006      1.124      0.039      0.637      0.554

== T0 last 三折均值，每 5 帧 ==
q_norm      0.138  0.123  0.164  0.629  0.991  0.890  0.661  0.431  0.223  0.043  0.017  0.104  0.142  0.142  0.141  0.156  0.138
r2cb        0.571  0.483  0.742  0.765  0.710  0.640  0.608  0.564  0.329  0.198  0.182  0.382  0.456  0.490  0.551  0.596  0.572
r           0.764  0.728  0.863  0.885  0.846  0.810  0.793  0.766  0.654  0.505  0.503  0.646  0.687  0.710  0.749  0.784  0.765
alpha       0.687  0.540  0.847  0.757  0.823  0.904  0.917  0.663  0.384  0.321  0.293  0.509  0.609  0.662  0.700  0.696  0.679
beta_n2     0.007  0.014  0.001  0.002  0.002  0.003  0.002  0.010  0.024  0.020  0.026  0.017  0.008  0.008  0.007  0.011  0.007
ccc         0.707  0.602  0.848  0.850  0.826  0.801  0.786  0.699  0.428  0.286  0.265  0.511  0.600  0.643  0.697  0.728  0.706
spearman    0.750  0.709  0.877  0.935  0.907  0.875  0.844  0.790  0.639  0.471  0.533  0.732  0.756  0.750  0.744  0.750  0.751
nmae_range  0.006  0.006  0.004  0.004  0.006  0.007  0.007  0.006  0.005  0.005  0.005  0.005  0.006  0.007  0.008  0.006  0.006
nrmse_mean  0.970  1.163  0.595  0.679  0.926  1.067  1.136  1.201  1.381  1.192  1.445  1.166  1.040  1.004  0.940  0.896  0.971
r2cb_norm   0.648  0.602  0.808  0.893  0.852  0.809  0.769  0.697  0.512  0.353  0.362  0.653  0.651  0.646  0.648  0.657  0.652
steps        1120   1130   1140   1150   1160   1170   1180   1190   1200   1210   1220   1230   1240   1250   1260   1270   1280
