wrote /public/newhome/cy/Digital_twin/GNN/training_wss_min/experiments/wss_time_ecc_20260918/analysis_20260919/frame_r2_decomposition_best.csv 729 rows

== ckpt=best  三折均值 × 相位（accel/peak/decel/trough/全周期）==
arm   phase     n       r2cb          r     r2_fit      alpha    beta_n2        ccc   spearman r2_casemean nmae_range nrmse_mean nmae_casemean  r2cb_norm top10_ratio
T0    accel    22      0.607      0.794      0.637      0.738      0.007      0.732      0.824      0.586      0.005      1.019      0.030      0.745      0.693
T0    peak     10      0.684      0.835      0.697      0.847      0.003      0.816      0.897      0.687      0.006      0.967      0.025      0.839      0.758
T0    decel    29      0.525      0.737      0.547      0.651      0.010      0.663      0.743      0.509      0.006      0.991      0.039      0.643      0.633
T0    trough   20      0.322      0.601      0.372      0.432      0.018      0.429      0.613      0.304      0.005      1.216      0.049      0.496      0.467
T0    cycle    81      0.517      0.731      0.546      0.645      0.010      0.643      0.752      0.501      0.006      1.051      0.038      0.659      0.624
TB8   accel    22      0.530      0.750      0.572      0.594      0.017      0.648      0.816      0.541      0.006      1.122      0.032      0.725      0.572
TB8   peak     10      0.604      0.802      0.644      0.647      0.015      0.723      0.883      0.628      0.006      1.068      0.027      0.814      0.605
TB8   decel    29      0.460      0.693      0.485      0.606      0.016      0.605      0.730      0.457      0.007      1.052      0.041      0.619      0.579
TB8   trough   20      0.268      0.530      0.301      0.435      0.022      0.388      0.609      0.262      0.005      1.262      0.050      0.471      0.451
TB8   cycle    81      0.450      0.682      0.483      0.565      0.017      0.578      0.742      0.453      0.006      1.125      0.039      0.635      0.549
TB16  accel    22      0.529      0.746      0.565      0.605      0.015      0.650      0.818      0.540      0.006      1.118      0.032      0.731      0.577
TB16  peak     10      0.601      0.795      0.633      0.662      0.014      0.724      0.885      0.622      0.007      1.069      0.027      0.819      0.614
TB16  decel    29      0.460      0.689      0.479      0.623      0.014      0.610      0.730      0.455      0.007      1.054      0.041      0.617      0.590
TB16  trough   20      0.270      0.534      0.302      0.435      0.021      0.390      0.608      0.263      0.005      1.258      0.050      0.473      0.452
TB16  cycle    81      0.449      0.679      0.478      0.577      0.016      0.581      0.743      0.451      0.006      1.123      0.039      0.637      0.555

== T0 best 三折均值，每 5 帧 ==
q_norm      0.138  0.123  0.164  0.629  0.991  0.890  0.661  0.431  0.223  0.043  0.017  0.104  0.142  0.142  0.141  0.156  0.138
r2cb        0.570  0.481  0.743  0.768  0.709  0.636  0.606  0.567  0.334  0.202  0.185  0.387  0.459  0.491  0.550  0.595  0.570
r           0.763  0.729  0.863  0.886  0.846  0.808  0.792  0.766  0.656  0.508  0.506  0.648  0.688  0.710  0.749  0.784  0.765
alpha       0.683  0.536  0.844  0.760  0.823  0.910  0.922  0.667  0.388  0.324  0.296  0.514  0.613  0.664  0.701  0.694  0.675
beta_n2     0.008  0.015  0.001  0.001  0.003  0.003  0.002  0.010  0.024  0.019  0.025  0.015  0.007  0.008  0.007  0.012  0.008
ccc         0.706  0.600  0.849  0.852  0.826  0.801  0.786  0.702  0.433  0.291  0.269  0.517  0.603  0.644  0.697  0.726  0.704
spearman    0.750  0.709  0.876  0.935  0.907  0.875  0.844  0.791  0.640  0.471  0.532  0.731  0.756  0.750  0.744  0.748  0.751
nmae_range  0.006  0.006  0.004  0.004  0.006  0.007  0.007  0.006  0.005  0.005  0.005  0.005  0.006  0.007  0.008  0.006  0.006
nrmse_mean  0.971  1.164  0.594  0.676  0.926  1.073  1.138  1.195  1.375  1.188  1.441  1.162  1.037  1.002  0.939  0.897  0.972
r2cb_norm   0.648  0.603  0.806  0.892  0.852  0.809  0.770  0.698  0.514  0.353  0.361  0.653  0.650  0.645  0.648  0.654  0.652
steps        1120   1130   1140   1150   1160   1170   1180   1190   1200   1210   1220   1230   1240   1250   1260   1270   1280
