case AAA/unruputer/SHEN_FANG_JIN  N_bundle=85304
坐标匹配：n=85304 唯一=85304 距离中位 2.76e-06 mm, p99 1.25e-05
arm|phase               r2_pa          r2_ln           r_ln pred_over_true       rev_frac  rev_sse_share    rev_rmse_ln nonrev_rmse_ln       corr_rev    corr_nonrev       low_frac  low_sse_share err_small_share truth_within4mm        bias_ln
T0|accel                0.785          0.923          0.964          1.082          0.069          0.079          0.321          0.298          0.867          0.968          0.377          0.554          0.596          0.092          0.090
T0|peak                 0.716          0.881          0.945          1.092          0.000          0.000            nan          0.453            nan          0.945          0.386          0.400          0.697          0.168          0.106
T0|decel                0.559          0.747          0.874          0.877          0.406          0.376          0.560          0.597          0.823          0.859          0.548          0.613          0.669          0.213          0.130
T0|trough               0.364          0.417          0.750          1.063          0.632          0.569          0.537          0.612          0.773          0.713          0.755          0.834          0.510          0.350          0.251
T-null|accel            0.663          0.796          0.923          1.125          0.069          0.060          0.457          0.491          0.575          0.931          0.377          0.697          0.345          0.092          0.226
T-null|peak             0.742          0.881          0.947          1.078          0.000          0.000            nan          0.455            nan          0.947          0.386          0.484          0.665          0.168          0.164
T-null|decel            0.499          0.537          0.778          0.929          0.406          0.424          0.804          0.775          0.622          0.775          0.548          0.563          0.503          0.213         -0.045
T-null|trough          -0.094          0.128          0.573          1.120          0.632          0.528          0.634          0.784          0.629          0.483          0.755          0.812          0.502          0.350          0.133
TB8|accel               0.812          0.908          0.959          0.920          0.069          0.099          0.394          0.323          0.834          0.965          0.377          0.526          0.555          0.092          0.011
TB8|peak                0.690          0.880          0.938          0.860          0.000          0.000            nan          0.456            nan          0.938          0.386          0.351          0.718          0.168         -0.032
TB8|decel               0.427          0.671          0.838          0.772          0.406          0.413          0.669          0.659          0.756          0.834          0.548          0.563          0.558          0.213          0.094
TB8|trough              0.301          0.455          0.705          0.914          0.632          0.611          0.538          0.563          0.716          0.700          0.755          0.681          0.522          0.350          0.104
