=== OSI 尾部矩阵读数（ckpt_last；三折留出；对照同折 M1r）===

臂        折         r2_cb       iou_0.3   cal_iou_0.3       iou_0.2       iou_0.1      stag_iou   ccc_casemed   fracerr_0.3 pred_mean_tru pred_gt_0.3_g   norm_r2_wss norm_r2_tawss   norm_r2_osi
M1       0        0.4588        0.2465        0.3009        0.4921        0.6684        0.5365        0.6804        0.0487        0.2389        0.2913        0.8491        0.8502        0.5061
M1       1        0.4836        0.2405        0.3024        0.4781        0.6608        0.5383        0.6782        0.0530        0.2337        0.2819        0.8528        0.8640        0.5386
M1       2        0.4536        0.2382        0.2898        0.4792        0.6700        0.5192        0.6773        0.0437        0.2390        0.2880        0.8460        0.8540        0.5286
M1     均值        0.4653        0.2417        0.2977        0.4831        0.6664        0.5313        0.6786        0.0485        0.2372        0.2871        0.8493        0.8561        0.5244
M1r      0        0.4563        0.2383        0.2963        0.4902        0.6679        0.5298        0.6689        0.0532        0.2350        0.2746        0.8497        0.8532        0.5064
M1r      1        0.4907        0.2445        0.3051        0.4824        0.6619        0.5319        0.6861        0.0555        0.2395        0.2974        0.8531        0.8636        0.5351
M1r      2        0.4487        0.2323        0.2865        0.4702        0.6694        0.5255        0.6657        0.0468        0.2389        0.2866        0.8475        0.8535        0.5204
M1r    均值        0.4653        0.2384        0.2960        0.4809        0.6664        0.5291        0.6736        0.0518        0.2378        0.2862        0.8501        0.8567        0.5206
K1       0        0.4585        0.2457        0.2985        0.4868        0.6683        0.5464        0.6785        0.0512        0.2366        0.2776        0.8474        0.8522        0.5086
K1       1        0.4853        0.2398        0.3040        0.4796        0.6619        0.5061        0.6831        0.0514        0.2380        0.2984        0.8506        0.8611        0.5356
K1       2        0.4508        0.2376        0.2908        0.4701        0.6650        0.5248        0.6661        0.0518        0.2376        0.2864        0.8453        0.8499        0.5178
K1     均值        0.4649        0.2410        0.2978        0.4788        0.6651        0.5258        0.6759        0.0515        0.2374        0.2875        0.8477        0.8544        0.5207
K2       0        0.4277        0.2857        0.3086        0.5096        0.6737        0.5306        0.6785        0.0227        0.2659        0.4172        0.8483        0.8514        0.4791
K2       1        0.4722        0.2695        0.3081        0.5063        0.6686        0.5392        0.7070        0.0265        0.2603        0.3788        0.8517        0.8618        0.5151
K2       2        0.4259        0.2717        0.2981        0.4969        0.6727        0.5270        0.6666        0.0239        0.2630        0.3819        0.8461        0.8550        0.4911
K2     均值        0.4419        0.2756        0.3049        0.5043        0.6717        0.5323        0.6840        0.0244        0.2631        0.3926        0.8487        0.8561        0.4951
K5       0        0.4608        0.2382        0.2937        0.4828        0.6654        0.5353        0.6796        0.0545        0.2365        0.2795        0.8514        0.8588        0.4990
K5       1        0.4825        0.2480        0.3036        0.4792        0.6638        0.5340        0.6947        0.0499        0.2410        0.3092        0.8536        0.8689        0.5329
K5       2        0.4636        0.2426        0.2918        0.4784        0.6738        0.5249        0.6854        0.0474        0.2408        0.3030        0.8504        0.8572        0.5345
K5     均值        0.4690        0.2429        0.2964        0.4801        0.6677        0.5314        0.6866        0.0506        0.2395        0.2972        0.8518        0.8617        0.5221

抖动 M1r（node04）− 已存 M1（master）：r2_cb -0.0001 iou_0.3 -0.0034 cal_iou_0.3 -0.0018 norm_r2_wss +0.0008 norm_r2_tawss +0.0007
K1 Δ vs M1r（主对照）：IoU@0.3 +0.0027（折符号 [1, -1, 1]）校准后 +0.0018 R² -0.0004 面积误差 -0.0003 峰值 -0.0024 TAWSS -0.0023 滞留区 -0.0033 → No-Go
K1 Δ vs M1（参考）：IoU@0.3 -0.0007（折符号 [-1, -1, -1]）校准后 +0.0000 R² -0.0005 面积误差 +0.0030 峰值 -0.0015 TAWSS -0.0016 滞留区 -0.0056 → No-Go
K2 Δ vs M1（主对照）：IoU@0.3 +0.0339（折符号 [1, 1, 1]）校准后 +0.0072 R² -0.0234 面积误差 -0.0241 峰值 -0.0006 TAWSS +0.0000 滞留区 +0.0009 → No-Go（护栏不过）
K2 Δ vs M1r（参考）：IoU@0.3 +0.0373（折符号 [1, 1, 1]）校准后 +0.0089 R² -0.0233 面积误差 -0.0275 峰值 -0.0014 TAWSS -0.0007 滞留区 +0.0032 → No-Go（护栏不过）
K5 Δ vs M1（主对照）：IoU@0.3 +0.0012（折符号 [-1, 1, 1]）校准后 -0.0013 R² +0.0036 面积误差 +0.0022 峰值 +0.0025 TAWSS +0.0056 滞留区 +0.0001 → No-Go
K5 Δ vs M1r（参考）：IoU@0.3 +0.0046（折符号 [-1, 1, 1]）校准后 +0.0004 R² +0.0037 面积误差 -0.0012 峰值 +0.0017 TAWSS +0.0049 滞留区 +0.0023 → No-Go
