=== OSI 尾部矩阵读数（ckpt_best；三折留出；对照同折 M1r）===

臂        折         r2_cb       iou_0.3   cal_iou_0.3       iou_0.2       iou_0.1      stag_iou   ccc_casemed   fracerr_0.3 pred_mean_tru pred_gt_0.3_g   norm_r2_wss norm_r2_tawss   norm_r2_osi
M1       0        0.4572        0.2510        0.3011        0.4941        0.6682        0.5389        0.6788        0.0487        0.2406        0.3014        0.8491        0.8505        0.5049
M1       1        0.4838        0.2410        0.3036        0.4784        0.6615        0.5433        0.6773        0.0527        0.2338        0.2815        0.8525        0.8631        0.5380
M1       2        0.4539        0.2339        0.2868        0.4765        0.6693        0.5213        0.6759        0.0476        0.2367        0.2778        0.8459        0.8539        0.5269
M1     均值        0.4650        0.2420        0.2972        0.4830        0.6663        0.5345        0.6773        0.0497        0.2370        0.2869        0.8491        0.8558        0.5232
M1r      0        0.4549        0.2398        0.2969        0.4912        0.6671        0.5353        0.6676        0.0538        0.2340        0.2719        0.8495        0.8531        0.5046
M1r      1        0.4898        0.2358        0.3039        0.4758        0.6605        0.5281        0.6815        0.0570        0.2367        0.2822        0.8531        0.8641        0.5339
M1r      2        0.4495        0.2353        0.2863        0.4704        0.6690        0.5267        0.6641        0.0475        0.2395        0.2912        0.8473        0.8539        0.5226
M1r    均值        0.4647        0.2370        0.2957        0.4791        0.6655        0.5300        0.6710        0.0528        0.2367        0.2818        0.8500        0.8571        0.5204
K1       0        0.4599        0.2511        0.2990        0.4914        0.6703        0.5484        0.6818        0.0482        0.2405        0.2959        0.8478        0.8525        0.5090
K1       1        0.4863        0.2335        0.3040        0.4767        0.6608        0.5011        0.6783        0.0545        0.2356        0.2823        0.8505        0.8612        0.5351
K1       2        0.4515        0.2331        0.2901        0.4673        0.6648        0.5268        0.6637        0.0538        0.2357        0.2764        0.8453        0.8505        0.5197
K1     均值        0.4659        0.2392        0.2977        0.4785        0.6653        0.5255        0.6746        0.0522        0.2373        0.2849        0.8478        0.8547        0.5213
K2       0        0.4259        0.2863        0.3082        0.5105        0.6748        0.5315        0.6823        0.0240        0.2668        0.4223        0.8480        0.8516        0.4785
K2       1        0.4739        0.2688        0.3091        0.5060        0.6686        0.5353        0.7058        0.0271        0.2597        0.3737        0.8525        0.8629        0.5136
K2       2        0.4294        0.2718        0.2979        0.4965        0.6731        0.5258        0.6697        0.0240        0.2621        0.3773        0.8456        0.8548        0.4902
K2     均值        0.4431        0.2756        0.3051        0.5044        0.6722        0.5309        0.6859        0.0250        0.2629        0.3911        0.8487        0.8564        0.4941
K5       0        0.4621        0.2417        0.2960        0.4851        0.6668        0.5407        0.6787        0.0555        0.2380        0.2857        0.8511        0.8587        0.4997
K5       1        0.4827        0.2445        0.3028        0.4786        0.6633        0.5335        0.6933        0.0517        0.2401        0.3044        0.8535        0.8694        0.5315
K5       2        0.4624        0.2456        0.2925        0.4792        0.6730        0.5218        0.6853        0.0476        0.2417        0.3109        0.8502        0.8574        0.5341
K5     均值        0.4691        0.2439        0.2971        0.4810        0.6677        0.5320        0.6857        0.0516        0.2399        0.3003        0.8516        0.8618        0.5218

抖动 M1r（node04）− 已存 M1（master）：r2_cb -0.0002 iou_0.3 -0.0050 cal_iou_0.3 -0.0015 norm_r2_wss +0.0008 norm_r2_tawss +0.0012
K1 Δ vs M1r（主对照）：IoU@0.3 +0.0023（折符号 [1, -1, -1]）校准后 +0.0020 R² +0.0012 面积误差 -0.0006 峰值 -0.0021 TAWSS -0.0023 滞留区 -0.0046 → No-Go
K1 Δ vs M1（参考）：IoU@0.3 -0.0027（折符号 [1, -1, -1]）校准后 +0.0005 R² +0.0009 面积误差 +0.0025 峰值 -0.0013 TAWSS -0.0011 滞留区 -0.0091 → No-Go
K2 Δ vs M1（主对照）：IoU@0.3 +0.0337（折符号 [1, 1, 1]）校准后 +0.0079 R² -0.0219 面积误差 -0.0246 峰值 -0.0004 TAWSS +0.0006 滞留区 -0.0037 → No-Go（护栏不过）
K2 Δ vs M1r（参考）：IoU@0.3 +0.0386（折符号 [1, 1, 1]）校准后 +0.0094 R² -0.0217 面积误差 -0.0277 峰值 -0.0013 TAWSS -0.0006 滞留区 +0.0008 → No-Go（护栏不过）
K5 Δ vs M1（主对照）：IoU@0.3 +0.0020（折符号 [-1, 1, 1]）校准后 -0.0001 R² +0.0041 面积误差 +0.0019 峰值 +0.0025 TAWSS +0.0060 滞留区 -0.0025 → No-Go
K5 Δ vs M1r（参考）：IoU@0.3 +0.0070（折符号 [1, 1, 1]）校准后 +0.0014 R² +0.0043 面积误差 -0.0012 峰值 +0.0016 TAWSS +0.0048 滞留区 +0.0020 → No-Go
