病例                                 arm           h1      h2    h3-4    h5-8   h9-20    (能量比 pred/true)  | 谐波误差/真值能量
AAA__unruputer__LIN_JIAN_RONG      Tnull       0.85    0.71    0.94    0.42    0.22   |  0.44  0.55  0.92  0.96  0.95
AAA__unruputer__LIN_JIAN_RONG      C-raw       0.80    0.78    0.83    0.48    0.26   |  0.27  0.38  0.52  0.70  0.83
AAA__unruputer__LIN_JIAN_RONG      TT-warm     0.86    0.81    0.65    0.36    0.25   |  0.28  0.34  0.47  0.70  0.83
                                   真值能量占比      0.63    0.20    0.10    0.05    0.02
AG__fast__LI_ZHEN_SHAN             Tnull       0.89    0.53    0.52    0.32    0.18   |  0.22  0.29  0.41  0.60  0.78
AG__fast__LI_ZHEN_SHAN             C-raw       0.84    0.56    0.62    0.35    0.20   |  0.23  0.25  0.31  0.54  0.74
AG__fast__LI_ZHEN_SHAN             TT-warm     0.72    0.72    0.42    0.29    0.17   |  0.18  0.21  0.34  0.58  0.78
                                   真值能量占比      0.55    0.23    0.15    0.05    0.02
AG__slow__WEI_BAO_XING             Tnull       0.86    0.61    0.66    0.31    0.20   |  0.25  0.42  0.57  0.69  0.91
AG__slow__WEI_BAO_XING             C-raw       0.91    0.84    0.77    0.47    0.29   |  0.22  0.38  0.49  0.62  0.89
AG__slow__WEI_BAO_XING             TT-warm     0.94    0.78    0.72    0.46    0.32   |  0.21  0.36  0.49  0.60  0.89
                                   真值能量占比      0.60    0.21    0.12    0.06    0.02
ILO__GUO_QING_SHAN-0__before       Tnull       0.75    0.53    0.31    0.21    0.12   |  0.12  0.31  0.39  0.58  0.72
ILO__GUO_QING_SHAN-0__before       C-raw       0.91    0.79    0.77    0.51    0.28   |  0.08  0.21  0.18  0.39  0.60
ILO__GUO_QING_SHAN-0__before       TT-warm     0.95    0.81    0.84    0.51    0.28   |  0.08  0.20  0.18  0.38  0.58
                                   真值能量占比      0.56    0.20    0.16    0.06    0.02
ILO__WU_JUN-0__before              Tnull       0.77    0.57    0.29    0.26    0.13   |  0.20  0.45  0.45  0.61  0.75
ILO__WU_JUN-0__before              C-raw       0.92    0.83    0.66    0.53    0.26   |  0.15  0.26  0.20  0.42  0.62
ILO__WU_JUN-0__before              TT-warm     0.97    0.87    0.75    0.58    0.31   |  0.15  0.25  0.19  0.41  0.60
                                   真值能量占比      0.54    0.17    0.21    0.06    0.02
